2021 1 23 0 0
2021 1 24 1 1
2021 1 25 2 0
2021 2 1 3 0
2021 2 5 0 0
2021 2 9 0 0
2021 2 12 0 3
2021 2 13 0 1
2021 2 14 0 2
2021 2 15 1 2
2021 2 16 2 2
2021 2 17 0 1
2021 2 18 2 1
2021 2 20 3 0
2021 2 21 5 2
2021 2 22 3 2
2021 2 23 3 0
2021 2 24 0 0
2021 2 26 2 0
2021 2 27 0 3
2021 2 28 2 3
2021 3 1 2 0
2021 3 2 3 0
2021 3 3 0 0
2021 3 4 3 0
2021 3 5 0 0
2021 3 6 5 0
2021 3 7 3 0
2021 3 8 2 0
2021 3 9 0 0
2021 3 11 3 0
2021 3 13 0 0
2021 3 15 0 0
2021 3 21 5 0
2021 3 22 5 0
2021 3 23 5 0
2021 3 25 5 0
2021 3 26 1 0
2021 3 28 5 0
2021 3 29 4 0
2021 3 30 5 0
2021 3 31 5 0
2021 4 1 5 0
2021 4 4 6 0
2021 4 6 5 0
2021 4 9 5 0
2021 4 10 5 6
2021 4 11 5 0
2021 4 13 5 0
2021 4 14 5 0
2021 4 18 5 0
2021 4 20 5 0
2021 4 22 5 0
2021 4 23 0 0
2021 4 25 5 0
2021 4 26 5 0
2021 4 27 5 5
2021 4 29 5 5
2021 4 30 5 0
2021 5 1 5 0
2021 5 2 5 0
2021 5 3 5 5
2021 5 4 5 0
2021 5 5 5 0
2021 5 6 5 5
2021 5 7 5 0
2021 5 8 5 0
2021 5 10 5 0
2021 5 11 5 0
2021 5 12 6 0
2021 5 13 6 0
2021 5 14 6 5
2021 5 21 4 0
2021 5 23 4 0
2021 5 24 5 0
2021 6 2 5 0
2021 6 6 0 0
2021 6 7 5 0
2021 6 8 4 3
2021 6 9 4 3
2021 6 10 5 2
2021 6 13 4 0
2021 6 14 4 4
2021 6 15 4 4
2021 6 16 5 5
2021 6 17 5 0
2021 6 20 5 0
2021 6 21 5 5
2021 6 22 5 0
2021 6 23 5 5
2021 6 24 5 0
2021 6 25 5 0
2021 6 28 5 0
2021 6 29 5 5
2021 6 30 5 5
2021 7 1 5 5
2021 7 3 5 0
2021 7 4 5 5
2021 7 5 5 0
2021 7 6 5 5
2021 7 7 5 5
2021 7 8 5 5
2021 7 9 5 0
2021 7 12 5 5
2021 7 13 5 5
2021 7 14 5 5
2021 7 16 5 0
2021 7 17 2 0
2021 7 20 5 5
2021 7 21 5 0
2021 7 22 5 0
2021 7 26 5 0
2021 7 27 5 0
2021 7 28 5 0
2021 7 29 5 0
2021 8 3 5 0
2021 8 4 5 0
2021 8 5 5 5